[{"id":"cranium.suture.tempero-zygomatic.left","coordinates":[54.837796591932275,20.228325086216906,19.98465518121572],"uncertainty":{"stddevs":[1.0332905687549025,1.004456763565277,0.9930551974203832],"pcvectors":[[-0.33409913022522103,0.9415692441354114,-0.04272153650117775],[0.5146066037362531,0.22019798109801753,0.8286693505321628],[0.7896567701057153,0.25487292445182863,-0.5581057048692319]]}},{"id":"cranium.suture.tempero-zygomatic.right","coordinates":[-55.127585216987235,23.06945366724306,23.44210376702066],"uncertainty":{"stddevs":[1.0168122471111658,1.0100709443785147,0.9916246735448955],"pcvectors":[[0.41254015450010195,-0.7976211836965432,-0.44001257736973537],[-0.7486569562401834,-0.5720542907321552,0.33506215890206736],[-0.5189637586558578,0.19119188208042762,-0.8331400131000362]]}},{"id":"cranium.bregma","coordinates":[-2.3398632273449596,130.37642186728274,15.17765031771571],"uncertainty":{"stddevs":[1.00784369510253,0.9923835752176466,0.9777104740683429],"pcvectors":[[-0.9573170920506965,-0.19613898044964798,0.21230517095862414],[0.222708594196105,-0.9687442536956886,0.10924949886739567],[0.1842413290735621,0.15186859872848998,0.9710772684917778]]}},{"id":"cranium.back","coordinates":[2.640302730473576,36.64198151579295,-74.79285411878104],"uncertainty":{"stddevs":[1.0136431828427752,0.9961752376811144,0.9788870384770065],"pcvectors":[[0.26379134497666995,0.9015928202436615,-0.34284765246459054],[-0.7941100148059788,0.4047540998889386,0.4533910045511966],[0.5475430674387611,0.15265813148396729,0.8227345162271824]]}}]
